[3639937765,
4001793634,
4276036044,
345818503,
3463881105,
4064188498,
1439187118,
4163960606,
1598460073,
3268625007,
1467361135,
1862168827,
4003278853,
4618627718,
289527525,
983084905,
2381908948,
88120936,
2933583273,
594360019,
387863902,
1842253319,
112545557,
557796643,
3117834940,
3802069480,
326437211,
1738329294,
952079549,
4226852730,
413070717,
418289618,
3584082620,
1768158818,
1240663944,
3295555474,
385077383,
2406062926,
1225482037,
3498131004,
220943019,
882018233,
766373892,
50798834,
844595055,
2025721099,
4005954283,
213129689,
2067189582,
2448201786,
2603058493,
308675900,
3604034653,
3009927668,
1758447773,
330205582,
251844728,
923730073,
1075618294,
2768366772,
2003291207,
670546228,
4289171020,
2333397314,
2730457424,
3040145237,
1599266651,
331495077,
1078001649,
2592346732,
3491676212,
1589430266,
2766871079,
1198110488,
3002701942,
3628218616,
917527622,
2273598488,
3374036329,
3950563095,
149529233,
1813374221,
1637038647,
2475301488,
1793280,
3729955358,
4280558082,
3743715522,
1472069930,
3333593331,
1608192929,
1182067456,
2692288517,
1339502147,
2982720465, -- end 19/07/2023
1072250251,
3690877892,
3404659884,
1370579527,
3878848879,
761093437,
698956526,
594525184,
3042287952,
423746708,
3063804453,
2342817059,
1575835647,
4448425144,
4300241127,
2339371179,
1941034254,
1414629746,
2908194123,
2527261411,
1981652209,
4175355180,
2843968848,
1565084376,
3351744027,
3037391801,
4455703917,
2879421755,
4682821353,
4370419003,
4344139938,
1111440101,
403214317,
2438838358,
1309273752]
